%YAML:1.0
---
M1: !!opencv-matrix
   rows: 3
   cols: 3
   dt: d
   data: [ 2.5820512735289833e+02, 0., 3.1950000000000000e+02, 0.,
       3.4406783803722487e+02, 2.3950000000000000e+02, 0., 0., 1. ]
D1: !!opencv-matrix
   rows: 1
   cols: 14
   dt: d
   data: [ -3.2544921217963700e-02, 8.6735853040987826e-02,
       -2.2932361872953903e-03, -1.1094704196729626e-02, 0., 0., 0., 0.,
       0., 0., 0., 0., 0., 0. ]
M2: !!opencv-matrix
   rows: 3
   cols: 3
   dt: d
   data: [ 2.5820512735289833e+02, 0., 3.1950000000000000e+02, 0.,
       3.4406783803722487e+02, 2.3950000000000000e+02, 0., 0., 1. ]
D2: !!opencv-matrix
   rows: 1
   cols: 14
   dt: d
   data: [ 5.9463308800314467e-03, 8.3572304929435293e-02,
       -1.6389790977124161e-02, 1.2055760066227937e-02, 0., 0., 0., 0.,
       0., 0., 0., 0., 0., 0. ]
R: !!opencv-matrix
   rows: 3
   cols: 3
   dt: d
   data: [ 9.9998573822416781e-01, -4.7891047510422126e-03,
       -2.3638578530869375e-03, 4.9164961997599796e-03,
       9.9835042408239283e-01, 5.7203660718734922e-02,
       2.0860041667747336e-03, -5.7214466791100455e-02,
       9.9835973144775136e-01 ]
T: !!opencv-matrix
   rows: 3
   cols: 1
   dt: d
   data: [ -3.1235343663935828e+00, -3.1518016128995331e-02,
       -2.8709420691250243e-01 ]
R1: !!opencv-matrix
   rows: 3
   cols: 3
   dt: d
   data: [ 9.9597840150367378e-01, 2.5869677662714117e-05,
       8.9593655294034180e-02, -2.5800144590053969e-03,
       9.9959352476758279e-01, 2.8392406874222838e-02,
       -8.9556503189761508e-02, -2.8509376939524139e-02,
       9.9557362769558255e-01 ]
R2: !!opencv-matrix
   rows: 3
   cols: 3
   dt: d
   data: [ 9.9575228652472814e-01, 1.0047636089692245e-02,
       9.1522832614515118e-02, -7.4342513759505539e-03,
       9.9955608434026844e-01, -2.8850756746219893e-02,
       -9.1772086100592759e-02, 2.8047803253721838e-02,
       9.9538495314395115e-01 ]
P1: !!opencv-matrix
   rows: 3
   cols: 4
   dt: d
   data: [ 2.7127027372243128e+02, 0., 2.5346557998657227e+02, 0., 0.,
       2.7127027372243128e+02, 2.3413500213623047e+02, 0., 0., 0., 1.,
       0. ]
P2: !!opencv-matrix
   rows: 3
   cols: 4
   dt: d
   data: [ 2.7127027372243128e+02, 0., 2.5346557998657227e+02,
       -8.5093655723377128e+02, 0., 2.7127027372243128e+02,
       2.3413500213623047e+02, 0., 0., 0., 1., 0. ]
Q: !!opencv-matrix
   rows: 4
   cols: 4
   dt: d
   data: [ 1., 0., 0., -2.5346557998657227e+02, 0., 1., 0.,
       -2.3413500213623047e+02, 0., 0., 0., 2.7127027372243128e+02, 0.,
       0., 3.1879024519087301e-01, 0. ]
roi1: [ 24, 99, 578, 294 ]
roi2: [ 18, 88, 562, 292 ]
