%YAML:1.0
---
R: !!opencv-matrix
   rows: 3
   cols: 3
   dt: d
   data: [ 9.9997209213491411e-01, 4.9212257840307670e-03,
       5.6210753513428304e-03, -4.9997896391070999e-03,
       9.9988880504608246e-01, 1.4049186705355784e-02,
       -5.5513110962691009e-03, -1.4076898816850933e-02,
       9.9988550537789700e-01 ]
T: !!opencv-matrix
   rows: 3
   cols: 1
   dt: d
   data: [ -3.3388908817041165e+00, 4.7800775249066708e-02,
       1.0022127713196333e-03 ]
R1: !!opencv-matrix
   rows: 3
   cols: 3
   dt: d
   data: [ 9.9994282417765834e-01, -9.3883578648040825e-03,
       5.1192882523722633e-03, 9.3520271099072107e-03,
       9.9993123831728514e-01, 7.0751838277457501e-03,
       -5.1853605992319019e-03, -7.0269035757725565e-03,
       9.9996186660371844e-01 ]
R2: !!opencv-matrix
   rows: 3
   cols: 3
   dt: d
   data: [ 9.9989749158444541e-01, -1.4314895862348969e-02,
       -3.0013261037253750e-04, 1.4312423648479759e-02,
       9.9987269341964169e-01, -7.0534731202164828e-03,
       4.0106413470001115e-04, 7.0484544547924060e-03,
       9.9997507890814896e-01 ]
P1: !!opencv-matrix
   rows: 3
   cols: 4
   dt: d
   data: [ 4.4123642440336937e+02, 0., 3.1887995147705078e+02, 0., 0.,
       4.4123642440336937e+02, 2.3928382492065430e+02, 0., 0., 0., 1.,
       0. ]
P2: !!opencv-matrix
   rows: 3
   cols: 4
   dt: d
   data: [ 4.4123642440336937e+02, 0., 3.1887995147705078e+02,
       -1.4733913091247275e+03, 0., 4.4123642440336937e+02,
       2.3928382492065430e+02, 0., 0., 0., 1., 0. ]
Q: !!opencv-matrix
   rows: 4
   cols: 4
   dt: d
   data: [ 1., 0., 0., -3.1887995147705078e+02, 0., 1., 0.,
       -2.3928382492065430e+02, 0., 0., 0., 4.4123642440336937e+02, 0.,
       0., 2.9946995185242892e-01, 0. ]
