%YAML:1.0
---
M1: !!opencv-matrix
   rows: 3
   cols: 3
   dt: d
   data: [ 5.3488268176981535e+02, 0., 3.2831592409219991e+02, 0.,
       5.3001635852895322e+02, 2.3749199974617684e+02, 0., 0., 1. ]
D1: !!opencv-matrix
   rows: 1
   cols: 14
   dt: d
   data: [ -2.6150787578049450e-01, -1.0469581902935095e-01, 0., 0., 0.,
       0., 0., -3.5383978110354536e-01, 0., 0., 0., 0., 0., 0. ]
M2: !!opencv-matrix
   rows: 3
   cols: 3
   dt: d
   data: [ 5.3488268176981535e+02, 0., 3.1362377739709098e+02, 0.,
       5.3001635852895322e+02, 2.4104770600833049e+02, 0., 0., 1. ]
D2: !!opencv-matrix
   rows: 1
   cols: 14
   dt: d
   data: [ -2.6526282191214340e-01, -1.8815456082744288e-02, 0., 0., 0.,
       0., 0., -2.1432266643334061e-01, 0., 0., 0., 0., 0., 0. ]
